Linux 6.19.0-9-generic (server_ubuntu26.04)    03/11/2026      _x86_64_        (2 CPU)

10:43:29 AM  LINUX RESTART      (2 CPU)

10:50:00 AM     CPU      %usr     %nice      %sys   %iowait    %steal      %irq     %soft    %guest    %gnice     %idle
11:00:13 AM     all      0.00      0.00      0.07      0.02      0.00      0.00      0.16      0.00      0.00     99.75
11:00:13 AM       0      0.00      0.00      0.12      0.04      0.00      0.00      0.32      0.00      0.00     99.52
11:00:13 AM       1      0.00      0.00      0.01      0.01      0.00      0.00      0.00      0.00      0.00     99.98
11:10:10 AM     all      0.00      0.00      0.05      0.02      0.00      0.00      0.14      0.00      0.00     99.79
11:10:10 AM       0      0.01      0.00      0.10      0.03      0.00      0.00      0.28      0.00      0.00     99.58
11:10:10 AM       1      0.00      0.00      0.00      0.00      0.00      0.00      0.00      0.00      0.00     99.99
11:20:02 AM     all      0.01      0.00      0.06      0.02      0.00      0.00      0.14      0.00      0.00     99.77
11:20:02 AM       0      0.01      0.00      0.11      0.04      0.00      0.00      0.29      0.00      0.00     99.56
11:20:02 AM       1      0.01      0.00      0.01      0.00      0.00      0.00      0.00      0.00      0.00     99.98
11:30:10 AM     all      0.00      0.00      0.05      0.02      0.00      0.00      0.14      0.00      0.00     99.79
11:30:10 AM       0      0.00      0.00      0.10      0.04      0.00      0.00      0.29      0.00      0.00     99.58
11:30:10 AM       1      0.00      0.00      0.00      0.00      0.00      0.00      0.00      0.00      0.00     99.99
11:40:10 AM     all      0.00      0.00      0.05      0.02      0.00      0.00      0.15      0.00      0.00     99.77
11:40:10 AM       0      0.00      0.00      0.10      0.04      0.00      0.00      0.31      0.00      0.00     99.55
11:40:10 AM       1      0.00      0.00      0.00      0.00      0.00      0.00      0.00      0.00      0.00     99.99
11:50:00 AM     all      0.02      0.00      0.10      0.03      0.00      0.00      0.15      0.00      0.00     99.71
11:50:00 AM       0      0.03      0.00      0.14      0.04      0.00      0.00      0.28      0.00      0.00     99.50
11:50:00 AM       1      0.02      0.00      0.05      0.01      0.00      0.00      0.01      0.00      0.00     99.91
12:00:10 PM     all      0.00      0.00      0.05      0.02      0.00      0.00      0.15      0.00      0.00     99.77
12:00:10 PM       0      0.00      0.00      0.10      0.04      0.00      0.00      0.30      0.00      0.00     99.55
12:00:10 PM       1      0.00      0.00      0.01      0.00      0.00      0.00      0.00      0.00      0.00     99.99
12:10:10 PM     all      0.00      0.00      0.05      0.02      0.00      0.00      0.14      0.00      0.00     99.78
12:10:10 PM       0      0.00      0.00      0.10      0.03      0.00      0.00      0.29      0.00      0.00     99.58
12:10:10 PM       1      0.00      0.00      0.01      0.00      0.00      0.00      0.00      0.00      0.00     99.99
12:20:00 PM     all      0.00      0.00      0.05      0.02      0.00      0.00      0.16      0.00      0.00     99.78
12:20:00 PM       0      0.01      0.00      0.09      0.02      0.00      0.00      0.32      0.00      0.00     99.56
12:20:00 PM       1      0.00      0.00      0.00      0.01      0.00      0.00      0.01      0.00      0.00     99.98
12:30:10 PM     all      0.01      0.00      0.06      0.02      0.00      0.00      0.14      0.00      0.00     99.78
12:30:10 PM       0      0.01      0.00      0.11      0.03      0.00      0.00      0.28      0.00      0.00     99.57
12:30:10 PM       1      0.00      0.00      0.01      0.00      0.00      0.00      0.00      0.00      0.00     99.98
Average:        all      0.01      0.00      0.06      0.02      0.00      0.00      0.15      0.00      0.00     99.77
Average:          0      0.01      0.00      0.11      0.03      0.00      0.00      0.30      0.00      0.00     99.56
Average:          1      0.00      0.00      0.01      0.00      0.00      0.00      0.00      0.00      0.00     99.98

10:50:00 AM    proc/s   cswch/s
11:00:13 AM      0.03     41.85
11:10:10 AM      0.01     39.74
11:20:02 AM      0.04     40.76
11:30:10 AM      0.02     38.57
11:40:10 AM      0.01     38.67
11:50:00 AM      0.08     52.34
12:00:10 PM      0.02     41.09
12:10:10 PM      0.02     40.23
12:20:00 PM      0.03     41.40
12:30:10 PM      0.03     41.95
Average:         0.03     41.64

10:50:00 AM  pswpin/s pswpout/s
11:00:13 AM      0.00      0.00
11:10:10 AM      0.00      0.00
11:20:02 AM      0.00      0.00
11:30:10 AM      0.00      0.00
11:40:10 AM      0.00      0.00
11:50:00 AM      0.00      0.00
12:00:10 PM      0.00      0.00
12:10:10 PM      0.00      0.00
12:20:00 PM      0.00      0.00
12:30:10 PM      0.00      0.00
Average:         0.00      0.00

10:50:00 AM  pgpgin/s pgpgout/s   fault/s  majflt/s  pgfree/s pgscank/s pgscand/s pgsteal/s  pgprom/s   pgdem/s
11:00:13 AM      0.74      1.49      5.20      0.00      8.20      0.00      0.00      0.00      0.00      0.00
11:10:10 AM      0.00      0.95      3.14      0.00      7.03      0.00      0.00      0.00      0.00      0.00
11:20:02 AM      1.53      1.43      4.55      0.01      7.85      0.00      0.00      0.00      0.00      0.00
11:30:10 AM      0.00      0.47      3.01      0.00      6.80      0.00      0.00      0.00      0.00      0.00
11:40:10 AM      0.00      0.49      3.07      0.00      6.80      0.00      0.00      0.00      0.00      0.00
11:50:00 AM     15.30     17.77     25.67      0.02     19.76      0.00      0.00      0.00      0.00      0.00
12:00:10 PM      0.00      1.05      3.02      0.00      6.73      0.00      0.00      0.00      0.00      0.00
12:10:10 PM      0.00      0.49      3.00      0.00      6.96      0.00      0.00      0.00      0.00      0.00
12:20:00 PM      0.00      0.78      4.45      0.00      7.92      0.00      0.00      0.00      0.00      0.00
12:30:10 PM      0.00      1.05      9.70      0.00     12.29      0.00      0.00      0.00      0.00      0.00
Average:         1.73      2.57      6.45      0.00      9.02      0.00      0.00      0.00      0.00      0.00

10:50:00 AM       tps      rtps      wtps      dtps   bread/s   bwrtn/s   bdscd/s
11:00:13 AM      0.46      0.19      0.27      0.00      1.49      2.98      0.00
11:10:10 AM      0.16      0.00      0.16      0.00      0.00      1.90      0.00
11:20:02 AM      0.30      0.05      0.24      0.00      3.06      2.85      0.00
11:30:10 AM      0.08      0.00      0.08      0.00      0.00      0.93      0.00
11:40:10 AM      0.09      0.00      0.09      0.00      0.00      0.99      0.00
11:50:00 AM      0.69      0.20      0.48      0.00     30.60     35.54      0.00
12:00:10 PM      0.18      0.00      0.18      0.00      0.00      2.10      0.00
12:10:10 PM      0.09      0.00      0.09      0.00      0.00      0.97      0.00
12:20:00 PM      0.15      0.00      0.15      0.00      0.00      1.56      0.00
12:30:10 PM      0.19      0.00      0.19      0.00      0.00      2.10      0.00
Average:         0.24      0.04      0.19      0.00      3.46      5.13      0.00

10:50:00 AM kbmemfree   kbavail kbmemused  %memused kbbuffers  kbcached  kbcommit   %commit  kbactive   kbinact   kbdirty  kbanonpg    kbslab  kbkstack   kbpgtbl  kbvmused
11:00:13 AM   1074468   1339284    146524      8.71     25804    368268    264216      6.99    385032     60828       144     69200     67412      2240      2424     21596
11:10:10 AM   1074228   1339084    146716      8.72     25852    368268    264216      6.99    385136     60872        84     69304     67412      2216      2500     21564
11:20:02 AM   1074228   1340088    145688      8.66     25932    369168    264216      6.99    385664     61164        84     69220     67460      2216      2416     21564
11:30:10 AM   1074228   1340108    145680      8.66     25964    369160    264216      6.99    385748     61192        84     69304     67444      2256      2500     21580
11:40:10 AM   1074228   1340144    145676      8.66     25996    369164    264216      6.99    385748     61228        84     69304     67412      2240      2500     21580
11:50:00 AM   1046560   1330556    154396      9.18     26476    386448    341980      9.05    401396     72924        84     78884     68596      2400      2740     21936
12:00:10 PM   1046320   1330416    154540      9.19     26556    386468    341980      9.05    401312     73024        84     78800     68592      2344      2992     21888
12:10:10 PM   1046320   1330440    154516      9.18     26588    386472    341980      9.05    401480     73044        84     78800     68580      2344      2908     21888
12:20:00 PM   1046320   1330488    154468      9.18     26628    386480    341980      9.05    401480     73092        84     78884     68580      2360      2908     21904
12:30:10 PM   1042300   1326540    158416      9.42     26692    386480    341980      9.05    401412     73156        84     78900     68588      2320      2824     21888
Average:      1059920   1334715    150662      8.95     26249    377638    303098      8.02    393441     67052        90     74060     68008      2294      2671     21739

10:50:00 AM kbswpfree kbswpused  %swpused  kbswpcad   %swpcad
11:00:13 AM   2097148         0      0.00         0      0.00
11:10:10 AM   2097148         0      0.00         0      0.00
11:20:02 AM   2097148         0      0.00         0      0.00
11:30:10 AM   2097148         0      0.00         0      0.00
11:40:10 AM   2097148         0      0.00         0      0.00
11:50:00 AM   2097148         0      0.00         0      0.00
12:00:10 PM   2097148         0      0.00         0      0.00
12:10:10 PM   2097148         0      0.00         0      0.00
12:20:00 PM   2097148         0      0.00         0      0.00
12:30:10 PM   2097148         0      0.00         0      0.00
Average:      2097148         0      0.00         0      0.00

10:50:00 AM kbhugfree kbhugused  %hugused kbhugrsvd kbhugsurp
11:00:13 AM         0         0      0.00         0         0
11:10:10 AM         0         0      0.00         0         0
11:20:02 AM         0         0      0.00         0         0
11:30:10 AM         0         0      0.00         0         0
11:40:10 AM         0         0      0.00         0         0
11:50:00 AM         0         0      0.00         0         0
12:00:10 PM         0         0      0.00         0         0
12:10:10 PM         0         0      0.00         0         0
12:20:00 PM         0         0      0.00         0         0
12:30:10 PM         0         0      0.00         0         0
Average:            0         0      0.00         0         0

10:50:00 AM dentunusd   file-nr  inode-nr    pty-nr
11:00:13 AM     13009       817     15173         0
11:10:10 AM     13007       817     15169         0
11:20:02 AM     13033       817     15192         0
11:30:10 AM     13033       817     15192         0
11:40:10 AM     13032       817     15190         0
11:50:00 AM     13629       991     15591         0
12:00:10 PM     13628       991     15594         0
12:10:10 PM     13628       991     15594         0
12:20:00 PM     13628       991     15594         0
12:30:10 PM     13628       991     15593         0
Average:        13326       904     15388         0

10:50:00 AM   runq-sz  plist-sz   ldavg-1   ldavg-5  ldavg-15   blocked
11:00:13 AM         0       139      0.00      0.02      0.05         0
11:10:10 AM         0       137      0.00      0.00      0.01         0
11:20:02 AM         0       137      0.00      0.00      0.00         0
11:30:10 AM         0       138      0.00      0.00      0.00         0
11:40:10 AM         0       137      0.03      0.02      0.00         0
11:50:00 AM         0       148      0.00      0.00      0.00         0
12:00:10 PM         0       145      0.00      0.00      0.00         0
12:10:10 PM         0       145      0.00      0.00      0.00         0
12:20:00 PM         0       146      0.00      0.00      0.00         0
12:30:10 PM         0       145      0.00      0.00      0.00         0
Average:            0       142      0.00      0.00      0.01         0

10:50:00 AM       tps     rkB/s     wkB/s     dkB/s   areq-sz    aqu-sz     await     %util DEV
11:00:13 AM      0.00      0.00      0.00      0.00      0.00      0.00      0.00      0.00 loop0
11:00:13 AM      0.46      0.74      1.49      0.00      4.87      0.00      1.58      0.04 sda
11:00:13 AM      0.50      0.74      1.49      0.00      4.46      0.00      1.64      0.04 ubuntu--vg-ubuntu--lv
11:10:10 AM      0.00      0.00      0.00      0.00      0.00      0.00      0.00      0.00 loop0
11:10:10 AM      0.16      0.00      0.95      0.00      6.11      0.00      1.87      0.01 sda
11:10:10 AM      0.19      0.00      0.95      0.00      4.90      0.00      1.84      0.01 ubuntu--vg-ubuntu--lv
11:20:02 AM      0.00      0.00      0.00      0.00      0.00      0.00      0.00      0.00 loop0
11:20:02 AM      0.30      1.53      1.43      0.00      9.99      0.00      1.71      0.02 sda
11:20:02 AM      0.36      1.53      1.43      0.00      8.13      0.00      1.87      0.02 ubuntu--vg-ubuntu--lv
11:30:10 AM      0.00      0.00      0.00      0.00      0.00      0.00      0.00      0.00 loop0
11:30:10 AM      0.08      0.00      0.47      0.00      5.57      0.00      1.88      0.01 sda
11:30:10 AM      0.10      0.00      0.47      0.00      4.58      0.00      1.73      0.01 ubuntu--vg-ubuntu--lv
11:40:10 AM      0.00      0.00      0.00      0.00      0.00      0.00      0.00      0.00 loop0
11:40:10 AM      0.09      0.00      0.49      0.00      5.58      0.00      2.21      0.01 sda
11:40:10 AM      0.11      0.00      0.49      0.00      4.55      0.00      2.12      0.01 ubuntu--vg-ubuntu--lv
11:50:00 AM      0.00      0.00      0.00      0.00      0.00      0.00      0.00      0.00 loop0
11:50:00 AM      0.69     15.30     17.77      0.00     48.18      0.00      2.18      0.12 sda
11:50:00 AM      0.89     14.94     17.77      0.00     36.55      0.00      2.53      0.11 ubuntu--vg-ubuntu--lv
12:00:10 PM      0.00      0.00      0.00      0.00      0.00      0.00      0.00      0.00 loop0
12:00:10 PM      0.18      0.00      1.05      0.00      5.98      0.00      2.02      0.02 sda
12:00:10 PM      0.23      0.00      1.05      0.00      4.54      0.00      1.98      0.02 ubuntu--vg-ubuntu--lv
12:10:10 PM      0.00      0.00      0.00      0.00      0.00      0.00      0.00      0.00 loop0
12:10:10 PM      0.09      0.00      0.49      0.00      5.31      0.00      2.02      0.01 sda
12:10:10 PM      0.11      0.00      0.49      0.00      4.56      0.00      1.92      0.01 ubuntu--vg-ubuntu--lv
12:20:00 PM      0.00      0.00      0.00      0.00      0.00      0.00      0.00      0.00 loop0
12:20:00 PM      0.15      0.00      0.78      0.00      5.29      0.00      1.78      0.01 sda
12:20:00 PM      0.17      0.00      0.78      0.00      4.65      0.00      1.78      0.01 ubuntu--vg-ubuntu--lv
12:30:10 PM      0.00      0.00      0.00      0.00      0.00      0.00      0.00      0.00 loop0
12:30:10 PM      0.19      0.00      1.05      0.00      5.61      0.00      1.76      0.01 sda
12:30:10 PM      0.23      0.00      1.05      0.00      4.64      0.00      1.74      0.01 ubuntu--vg-ubuntu--lv
Average:         0.00      0.00      0.00      0.00      0.00      0.00      0.00      0.00 loop0
Average:         0.24      1.73      2.57      0.00     18.16      0.00      1.90      0.03 sda
Average:         0.29      1.69      2.57      0.00     14.75      0.00      2.03      0.03 ubuntu--vg-ubuntu--lv

10:50:00 AM   rxpck/s   txpck/s    rxkB/s    txkB/s   rxcmp/s   txcmp/s  rxmcst/s   %ifutil IFACE
11:00:13 AM      0.05      0.05      0.00      0.00      0.00      0.00      0.00      0.00 lo
11:00:13 AM      0.04      0.05      0.00      0.01      0.00      0.00      0.00      0.00 enp0s3
11:10:10 AM      0.00      0.00      0.00      0.00      0.00      0.00      0.00      0.00 lo
11:10:10 AM      0.03      0.04      0.00      0.01      0.00      0.00      0.00      0.00 enp0s3
11:20:02 AM      0.06      0.06      0.01      0.01      0.00      0.00      0.00      0.00 lo
11:20:02 AM      0.05      0.06      0.00      0.01      0.00      0.00      0.00      0.00 enp0s3
11:30:10 AM      0.03      0.03      0.00      0.00      0.00      0.00      0.00      0.00 lo
11:30:10 AM      0.02      0.02      0.00      0.00      0.00      0.00      0.00      0.00 enp0s3
11:40:10 AM      0.00      0.00      0.00      0.00      0.00      0.00      0.00      0.00 lo
11:40:10 AM      0.00      0.00      0.00      0.00      0.00      0.00      0.00      0.00 enp0s3
11:50:00 AM      0.01      0.01      0.00      0.00      0.00      0.00      0.00      0.00 lo
11:50:00 AM      0.01      0.01      0.00      0.00      0.00      0.00      0.00      0.00 enp0s3
12:00:10 PM      0.03      0.03      0.00      0.00      0.00      0.00      0.00      0.00 lo
12:00:10 PM      0.04      0.05      0.00      0.01      0.00      0.00      0.00      0.00 enp0s3
12:10:10 PM      0.00      0.00      0.00      0.00      0.00      0.00      0.00      0.00 lo
12:10:10 PM      0.00      0.00      0.00      0.00      0.00      0.00      0.00      0.00 enp0s3
12:20:00 PM      0.03      0.03      0.00      0.00      0.00      0.00      0.00      0.00 lo
12:20:00 PM      0.02      0.02      0.00      0.00      0.00      0.00      0.00      0.00 enp0s3
12:30:10 PM      0.01      0.01      0.00      0.00      0.00      0.00      0.00      0.00 lo
12:30:10 PM      0.01      0.01      0.00      0.00      0.00      0.00      0.00      0.00 enp0s3
Average:         0.02      0.02      0.00      0.00      0.00      0.00      0.00      0.00 lo
Average:         0.02      0.02      0.00      0.00      0.00      0.00      0.00      0.00 enp0s3

10:50:00 AM   rxerr/s   txerr/s    coll/s  rxdrop/s  txdrop/s  txcarr/s  rxfram/s  rxfifo/s  txfifo/s IFACE
11:00:13 AM      0.00      0.00      0.00      0.00      0.00      0.00      0.00      0.00      0.00 lo
11:00:13 AM      0.00      0.00      0.00      0.00      0.00      0.00      0.00      0.00      0.00 enp0s3
11:10:10 AM      0.00      0.00      0.00      0.00      0.00      0.00      0.00      0.00      0.00 lo
11:10:10 AM      0.00      0.00      0.00      0.00      0.00      0.00      0.00      0.00      0.00 enp0s3
11:20:02 AM      0.00      0.00      0.00      0.00      0.00      0.00      0.00      0.00      0.00 lo
11:20:02 AM      0.00      0.00      0.00      0.00      0.00      0.00      0.00      0.00      0.00 enp0s3
11:30:10 AM      0.00      0.00      0.00      0.00      0.00      0.00      0.00      0.00      0.00 lo
11:30:10 AM      0.00      0.00      0.00      0.00      0.00      0.00      0.00      0.00      0.00 enp0s3
11:40:10 AM      0.00      0.00      0.00      0.00      0.00      0.00      0.00      0.00      0.00 lo
11:40:10 AM      0.00      0.00      0.00      0.00      0.00      0.00      0.00      0.00      0.00 enp0s3
11:50:00 AM      0.00      0.00      0.00      0.00      0.00      0.00      0.00      0.00      0.00 lo
11:50:00 AM      0.00      0.00      0.00      0.00      0.00      0.00      0.00      0.00      0.00 enp0s3
12:00:10 PM      0.00      0.00      0.00      0.00      0.00      0.00      0.00      0.00      0.00 lo
12:00:10 PM      0.00      0.00      0.00      0.00      0.00      0.00      0.00      0.00      0.00 enp0s3
12:10:10 PM      0.00      0.00      0.00      0.00      0.00      0.00      0.00      0.00      0.00 lo
12:10:10 PM      0.00      0.00      0.00      0.00      0.00      0.00      0.00      0.00      0.00 enp0s3
12:20:00 PM      0.00      0.00      0.00      0.00      0.00      0.00      0.00      0.00      0.00 lo
12:20:00 PM      0.00      0.00      0.00      0.00      0.00      0.00      0.00      0.00      0.00 enp0s3
12:30:10 PM      0.00      0.00      0.00      0.00      0.00      0.00      0.00      0.00      0.00 lo
12:30:10 PM      0.00      0.00      0.00      0.00      0.00      0.00      0.00      0.00      0.00 enp0s3
Average:         0.00      0.00      0.00      0.00      0.00      0.00      0.00      0.00      0.00 lo
Average:         0.00      0.00      0.00      0.00      0.00      0.00      0.00      0.00      0.00 enp0s3

10:50:00 AM    call/s retrans/s    read/s   write/s  access/s  getatt/s
11:00:13 AM      0.00      0.00      0.00      0.00      0.00      0.00
11:10:10 AM      0.00      0.00      0.00      0.00      0.00      0.00
11:20:02 AM      0.00      0.00      0.00      0.00      0.00      0.00
11:30:10 AM      0.00      0.00      0.00      0.00      0.00      0.00
11:40:10 AM      0.00      0.00      0.00      0.00      0.00      0.00
11:50:00 AM      0.00      0.00      0.00      0.00      0.00      0.00
12:00:10 PM      0.00      0.00      0.00      0.00      0.00      0.00
12:10:10 PM      0.00      0.00      0.00      0.00      0.00      0.00
12:20:00 PM      0.00      0.00      0.00      0.00      0.00      0.00
12:30:10 PM      0.00      0.00      0.00      0.00      0.00      0.00
Average:         0.00      0.00      0.00      0.00      0.00      0.00

10:50:00 AM   scall/s badcall/s  packet/s     udp/s     tcp/s     hit/s    miss/s   sread/s  swrite/s saccess/s sgetatt/s
11:00:13 AM      0.00      0.00      0.00      0.00      0.00      0.00      0.00      0.00      0.00      0.00      0.00
11:10:10 AM      0.00      0.00      0.00      0.00      0.00      0.00      0.00      0.00      0.00      0.00      0.00
11:20:02 AM      0.00      0.00      0.00      0.00      0.00      0.00      0.00      0.00      0.00      0.00      0.00
11:30:10 AM      0.00      0.00      0.00      0.00      0.00      0.00      0.00      0.00      0.00      0.00      0.00
11:40:10 AM      0.00      0.00      0.00      0.00      0.00      0.00      0.00      0.00      0.00      0.00      0.00
11:50:00 AM      0.00      0.00      0.00      0.00      0.00      0.00      0.00      0.00      0.00      0.00      0.00
12:00:10 PM      0.00      0.00      0.00      0.00      0.00      0.00      0.00      0.00      0.00      0.00      0.00
12:10:10 PM      0.00      0.00      0.00      0.00      0.00      0.00      0.00      0.00      0.00      0.00      0.00
12:20:00 PM      0.00      0.00      0.00      0.00      0.00      0.00      0.00      0.00      0.00      0.00      0.00
12:30:10 PM      0.00      0.00      0.00      0.00      0.00      0.00      0.00      0.00      0.00      0.00      0.00
Average:         0.00      0.00      0.00      0.00      0.00      0.00      0.00      0.00      0.00      0.00      0.00

10:50:00 AM    totsck    tcpsck    udpsck    rawsck   ip-frag    tcp-tw
11:00:13 AM       157         4         5         0         0         0
11:10:10 AM       157         4         5         0         0         0
11:20:02 AM       157         4         5         0         0         0
11:30:10 AM       157         4         5         0         0         0
11:40:10 AM       157         4         5         0         0         0
11:50:00 AM       169         4         5         0         0         0
12:00:10 PM       169         4         5         0         0         0
12:10:10 PM       169         4         5         0         0         0
12:20:00 PM       169         4         5         0         0         0
12:30:10 PM       169         4         5         0         0         0
Average:          163         4         5         0         0         0

10:50:00 AM     CPU   total/s   dropd/s squeezd/s  rx_rps/s flw_lim/s   blg_len
11:00:13 AM     all      0.10      0.00      0.00      0.00      0.00         0
11:00:13 AM       0      0.03      0.00      0.00      0.00      0.00         0
11:00:13 AM       1      0.07      0.00      0.00      0.00      0.00         0
11:10:10 AM     all      0.03      0.00      0.00      0.00      0.00         0
11:10:10 AM       0      0.00      0.00      0.00      0.00      0.00         0
11:10:10 AM       1      0.03      0.00      0.00      0.00      0.00         0
11:20:02 AM     all      0.11      0.00      0.00      0.00      0.00         0
11:20:02 AM       0      0.00      0.00      0.00      0.00      0.00         0
11:20:02 AM       1      0.11      0.00      0.00      0.00      0.00         0
11:30:10 AM     all      0.05      0.00      0.00      0.00      0.00         0
11:30:10 AM       0      0.03      0.00      0.00      0.00      0.00         0
11:30:10 AM       1      0.02      0.00      0.00      0.00      0.00         0
11:40:10 AM     all      0.00      0.00      0.00      0.00      0.00         0
11:40:10 AM       0      0.00      0.00      0.00      0.00      0.00         0
11:40:10 AM       1      0.00      0.00      0.00      0.00      0.00         0
11:50:00 AM     all      0.02      0.00      0.00      0.00      0.00         0
11:50:00 AM       0      0.00      0.00      0.00      0.00      0.00         0
11:50:00 AM       1      0.02      0.00      0.00      0.00      0.00         0
12:00:10 PM     all      0.07      0.00      0.00      0.00      0.00         0
12:00:10 PM       0      0.03      0.00      0.00      0.00      0.00         0
12:00:10 PM       1      0.04      0.00      0.00      0.00      0.00         0
12:10:10 PM     all      0.00      0.00      0.00      0.00      0.00         0
12:10:10 PM       0      0.00      0.00      0.00      0.00      0.00         0
12:10:10 PM       1      0.00      0.00      0.00      0.00      0.00         0
12:20:00 PM     all      0.05      0.00      0.00      0.00      0.00         0
12:20:00 PM       0      0.02      0.00      0.00      0.00      0.00         0
12:20:00 PM       1      0.03      0.00      0.00      0.00      0.00         0
12:30:10 PM     all      0.02      0.00      0.00      0.00      0.00         0
12:30:10 PM       0      0.01      0.00      0.00      0.00      0.00         0
12:30:10 PM       1      0.01      0.00      0.00      0.00      0.00         0
Average:        all      0.05      0.00      0.00      0.00      0.00         0
Average:          0      0.01      0.00      0.00      0.00      0.00         0
Average:          1      0.03      0.00      0.00      0.00      0.00         0

10:50:00 AM  %scpu-10  %scpu-60 %scpu-300     %scpu
11:00:13 AM      0.00      0.00      0.08      0.19
11:10:10 AM      0.00      0.00      0.00      0.12
11:20:02 AM      0.00      0.00      0.00      0.14
11:30:10 AM      0.00      0.00      0.00      0.12
11:40:10 AM      0.00      0.00      0.00      0.12
11:50:00 AM      0.00      0.00      0.00      0.17
12:00:10 PM      0.00      0.00      0.00      0.14
12:10:10 PM      0.00      0.00      0.00      0.12
12:20:00 PM      0.00      0.00      0.00      0.13
12:30:10 PM      0.00      0.02      0.00      0.16
Average:         0.00      0.00      0.01      0.14

10:50:00 AM   %sio-10   %sio-60  %sio-300      %sio   %fio-10   %fio-60  %fio-300      %fio
11:00:13 AM      0.00      0.00      0.00      0.09      0.00      0.00      0.00      0.06
11:10:10 AM      0.00      0.00      0.00      0.05      0.00      0.00      0.00      0.04
11:20:02 AM      0.00      0.00      0.00      0.08      0.00      0.00      0.00      0.05
11:30:10 AM      0.00      0.00      0.00      0.07      0.00      0.00      0.00      0.05
11:40:10 AM      0.00      0.00      0.00      0.08      0.00      0.00      0.00      0.04
11:50:00 AM      0.00      0.00      0.00      0.09      0.00      0.00      0.00      0.05
12:00:10 PM      0.00      0.00      0.00      0.07      0.00      0.00      0.00      0.04
12:10:10 PM      0.00      0.00      0.00      0.06      0.00      0.00      0.00      0.04
12:20:00 PM      0.00      0.00      0.00      0.05      0.00      0.00      0.00      0.04
12:30:10 PM      0.00      0.00      0.00      0.05      0.00      0.00      0.00      0.04
Average:         0.00      0.00      0.00      0.07      0.00      0.00      0.00      0.04

10:50:00 AM  %smem-10  %smem-60 %smem-300     %smem  %fmem-10  %fmem-60 %fmem-300     %fmem
11:00:13 AM      0.00      0.00      0.00      0.00      0.00      0.00      0.00      0.00
11:10:10 AM      0.00      0.00      0.00      0.00      0.00      0.00      0.00      0.00
11:20:02 AM      0.00      0.00      0.00      0.00      0.00      0.00      0.00      0.00
11:30:10 AM      0.00      0.00      0.00      0.00      0.00      0.00      0.00      0.00
11:40:10 AM      0.00      0.00      0.00      0.00      0.00      0.00      0.00      0.00
11:50:00 AM      0.00      0.00      0.00      0.00      0.00      0.00      0.00      0.00
12:00:10 PM      0.00      0.00      0.00      0.00      0.00      0.00      0.00      0.00
12:10:10 PM      0.00      0.00      0.00      0.00      0.00      0.00      0.00      0.00
12:20:00 PM      0.00      0.00      0.00      0.00      0.00      0.00      0.00      0.00
12:30:10 PM      0.00      0.00      0.00      0.00      0.00      0.00      0.00      0.00
Average:         0.00      0.00      0.00      0.00      0.00      0.00      0.00      0.00

12:48:43 PM  LINUX RESTART      (2 CPU)

12:50:15 PM     CPU      %usr     %nice      %sys   %iowait    %steal      %irq     %soft    %guest    %gnice     %idle
01:00:15 PM     all      0.02      0.00      0.19      0.03      0.00      0.00      7.92      0.00      0.00     91.83
01:00:15 PM       0      0.04      0.00      0.10      0.05      0.00      0.00      0.01      0.00      0.00     99.80
01:00:15 PM       1      0.01      0.00      0.29      0.01      0.00      0.00     16.63      0.00      0.00     83.07
01:10:15 PM     all      0.01      0.00      0.17      0.04      0.00      0.00      7.83      0.00      0.00     91.95
01:10:15 PM       0      0.02      0.00      0.10      0.07      0.00      0.00      0.01      0.00      0.00     99.80
01:10:15 PM       1      0.00      0.00      0.25      0.00      0.00      0.00     16.54      0.00      0.00     83.20
01:20:15 PM     all      0.52      0.00      0.74      0.20      0.00      0.00      8.32      0.00      0.00     90.22
01:20:15 PM       0      0.84      0.00      0.84      0.34      0.00      0.00      0.05      0.00      0.00     97.93
01:20:15 PM       1      0.17      0.00      0.62      0.04      0.00      0.00     17.57      0.00      0.00     81.60
01:30:15 PM     all      0.02      0.00      0.21      0.10      0.00      0.00      7.45      0.00      0.00     92.21
01:30:15 PM       0      0.04      0.00      0.14      0.18      0.00      0.00      0.01      0.00      0.00     99.64
01:30:15 PM       1      0.01      0.00      0.30      0.00      0.00      0.00     15.89      0.00      0.00     83.80
01:40:04 PM     all      0.14      0.00      0.28      0.09      0.00      0.00      7.56      0.00      0.00     91.93
01:40:04 PM       0      0.25      0.00      0.19      0.16      0.00      0.00      0.02      0.00      0.00     99.38
01:40:04 PM       1      0.02      0.00      0.37      0.00      0.00      0.00     16.10      0.00      0.00     83.51
01:50:04 PM     all      0.37      0.00      0.37      0.18      0.00      0.00      7.42      0.00      0.00     91.67
01:50:04 PM       0      0.65      0.00      0.32      0.33      0.00      0.00      0.02      0.00      0.00     98.68
01:50:04 PM       1      0.06      0.00      0.42      0.00      0.00      0.00     15.81      0.00      0.00     83.71
02:00:15 PM     all      0.05      0.00      0.29      0.16      0.00      0.00      7.86      0.00      0.00     91.64
02:00:15 PM       0      0.08      0.00      0.22      0.30      0.00      0.00      0.02      0.00      0.00     99.38
02:00:15 PM       1      0.02      0.00      0.37      0.00      0.00      0.00     16.86      0.00      0.00     82.74
02:10:15 PM     all      0.07      0.00      0.21      0.06      0.00      0.00      8.35      0.00      0.00     91.32
02:10:15 PM       0      0.11      0.00      0.12      0.11      0.00      0.00      0.01      0.00      0.00     99.65
02:10:15 PM       1      0.01      0.00      0.32      0.00      0.00      0.00     17.74      0.00      0.00     81.93
02:20:16 PM     all      0.02      0.00      0.19      0.16      0.00      0.00      8.04      0.00      0.00     91.59
02:20:16 PM       0      0.03      0.00      0.12      0.30      0.00      0.00      0.01      0.00      0.00     99.54
02:20:16 PM       1      0.00      0.00      0.28      0.00      0.00      0.00     17.14      0.00      0.00     82.57
02:30:15 PM     all      0.03      0.00      0.29      0.12      0.00      0.00      8.85      0.00      0.00     90.70
02:30:15 PM       0      0.05      0.00      0.16      0.22      0.00      0.00      0.01      0.00      0.00     99.55
02:30:15 PM       1      0.01      0.00      0.45      0.00      0.00      0.00     19.55      0.00      0.00     79.99
02:40:15 PM     all      0.10      0.00      0.18      0.08      0.00      0.00      8.16      0.00      0.00     91.48
02:40:15 PM       0      0.19      0.00      0.10      0.15      0.00      0.00      0.01      0.00      0.00     99.55
02:40:15 PM       1      0.01      0.00      0.26      0.00      0.00      0.00     17.28      0.00      0.00     82.45

02:40:15 PM     CPU      %usr     %nice      %sys   %iowait    %steal      %irq     %soft    %guest    %gnice     %idle
02:50:15 PM     all      0.10      0.00      0.23      0.07      0.00      0.00      8.62      0.00      0.00     90.98
02:50:15 PM       0      0.17      0.00      0.15      0.13      0.00      0.00      0.01      0.00      0.00     99.54
02:50:15 PM       1      0.01      0.00      0.32      0.00      0.00      0.00     18.30      0.00      0.00     81.37
03:00:15 PM     all      0.02      0.00      0.21      0.02      0.00      0.00      7.77      0.00      0.00     91.99
03:00:15 PM       0      0.03      0.00      0.13      0.03      0.00      0.00      0.01      0.00      0.00     99.81
03:00:15 PM       1      0.00      0.00      0.31      0.00      0.00      0.00     16.57      0.00      0.00     83.12
03:10:15 PM     all      0.02      0.00      0.20      0.02      0.00      0.00      7.39      0.00      0.00     92.37
03:10:15 PM       0      0.03      0.00      0.12      0.03      0.00      0.00      0.01      0.00      0.00     99.82
03:10:15 PM       1      0.01      0.00      0.30      0.00      0.00      0.00     15.63      0.00      0.00     84.06
03:20:15 PM     all      0.02      0.00      0.23      0.10      0.00      0.00      7.75      0.00      0.00     91.90
03:20:15 PM       0      0.03      0.00      0.14      0.18      0.00      0.00      0.01      0.00      0.00     99.64
03:20:15 PM       1      0.00      0.00      0.34      0.00      0.00      0.00     16.65      0.00      0.00     83.00
03:30:15 PM     all      0.06      0.00      0.22      0.12      0.00      0.00      8.25      0.00      0.00     91.35
03:30:15 PM       0      0.11      0.00      0.14      0.23      0.00      0.00      0.01      0.00      0.00     99.51
03:30:15 PM       1      0.00      0.00      0.31      0.00      0.00      0.00     17.57      0.00      0.00     82.12
03:40:15 PM     all      0.03      0.00      0.23      0.17      0.00      0.00      8.07      0.00      0.00     91.50
03:40:15 PM       0      0.06      0.00      0.16      0.30      0.00      0.00      0.02      0.00      0.00     99.47
03:40:15 PM       1      0.01      0.00      0.32      0.01      0.00      0.00     17.47      0.00      0.00     82.20
03:50:17 PM     all      0.02      0.00      0.23      0.27      0.00      0.00      7.67      0.00      0.00     91.82
03:50:17 PM       0      0.03      0.00      0.14      0.48      0.00      0.00      0.02      0.00      0.00     99.33
03:50:17 PM       1      0.00      0.00      0.33      0.01      0.00      0.00     16.73      0.00      0.00     82.93
04:00:15 PM     all      0.01      0.00      0.16      0.16      0.00      0.00      7.55      0.00      0.00     92.11
04:00:15 PM       0      0.02      0.00      0.10      0.31      0.00      0.00      0.01      0.00      0.00     99.57
04:00:15 PM       1      0.00      0.00      0.23      0.00      0.00      0.00     15.93      0.00      0.00     83.84
04:10:06 PM     all      0.02      0.00      0.20      0.15      0.00      0.00      7.44      0.00      0.00     92.20
04:10:06 PM       0      0.03      0.00      0.12      0.28      0.00      0.00      0.01      0.00      0.00     99.56
04:10:06 PM       1      0.01      0.00      0.28      0.00      0.00      0.00     15.84      0.00      0.00     83.88
Average:        all      0.08      0.00      0.25      0.11      0.00      0.00      7.91      0.00      0.00     91.64
Average:          0      0.14      0.00      0.18      0.21      0.00      0.00      0.01      0.00      0.00     99.46
Average:          1      0.02      0.00      0.33      0.00      0.00      0.00     16.88      0.00      0.00     82.76

12:50:15 PM    proc/s   cswch/s
01:00:15 PM      0.04     68.62
01:10:15 PM      0.03     67.82
01:20:15 PM      0.97    114.00
01:30:15 PM      0.06     83.76
01:40:04 PM      0.24     77.85
01:50:04 PM      0.51     91.04
02:00:15 PM      0.41     84.93
02:10:15 PM      0.04     74.28
02:20:16 PM      0.09     69.01
02:30:15 PM      0.06     85.74
02:40:15 PM      0.06     65.02
02:50:15 PM      0.09     69.73
03:00:15 PM      0.02     71.22
03:10:15 PM      0.08     69.52
03:20:15 PM      0.13     73.09
03:30:15 PM      0.04     70.05
03:40:15 PM      0.04     73.13
03:50:17 PM      0.02     69.28
04:00:15 PM      0.08     65.49
04:10:06 PM      0.05     67.07
Average:         0.15     75.54

12:50:15 PM  pswpin/s pswpout/s
01:00:15 PM      0.00      0.00
01:10:15 PM      0.00      0.00
01:20:15 PM      0.00      0.00
01:30:15 PM      0.00      0.00
01:40:04 PM      0.00      0.00
01:50:04 PM      0.00      0.00
02:00:15 PM      0.00      0.00
02:10:15 PM      0.00      0.00
02:20:16 PM      0.00      0.00
02:30:15 PM      0.00      0.00
02:40:15 PM      0.00      0.00
02:50:15 PM      0.00      0.00
03:00:15 PM      0.00      0.00
03:10:15 PM      0.00      0.00
03:20:15 PM      0.00      0.00
03:30:15 PM      0.00      0.00
03:40:15 PM      0.00      0.00
03:50:17 PM      0.00      0.00
04:00:15 PM      0.00      0.00
04:10:06 PM      0.00      0.00
Average:         0.00      0.00

12:50:15 PM  pgpgin/s pgpgout/s   fault/s  majflt/s  pgfree/s pgscank/s pgscand/s pgsteal/s  pgprom/s   pgdem/s
01:00:15 PM      2.33      2.71     10.97      0.00     14.16      0.00      0.00      0.00      0.00      0.00
01:10:15 PM      0.76      1.66      5.37      0.00      8.54      0.00      0.00      0.00      0.00      0.00
01:20:15 PM    288.43    308.02    438.13      0.16    379.40      0.00      0.00      0.00      0.00      0.00
01:30:15 PM     14.27      2.31     25.17      0.00     23.73      0.00      0.00      0.00      0.00      0.00
01:40:04 PM      0.12      1.53    124.53      0.00    102.15      0.00      0.00      0.00      0.00      0.00
01:50:04 PM      1.11    170.55    263.43      0.00    254.48      0.00      0.00      0.00      0.00      0.00
02:00:15 PM      0.84      1.59     94.24      0.00     59.95      0.00      0.00      0.00      0.00      0.00
02:10:15 PM      0.17      0.51     13.76      0.00     15.68      0.00      0.00      0.00      0.00      0.00
02:20:16 PM      0.00      1.22     16.01      0.00     14.88      0.00      0.00      0.00      0.00      0.00
02:30:15 PM      0.00      1.01     15.57      0.00     16.67      0.00      0.00      0.00      0.00      0.00
02:40:15 PM      0.00      0.88     24.05      0.00     24.16      0.00      0.00      0.00      0.00      0.00
02:50:15 PM      0.01      0.72     74.12      0.00     64.07      0.00      0.00      0.00      0.00      0.00
03:00:15 PM      0.00      0.47      3.06      0.00      7.01      0.00      0.00      0.00      0.00      0.00
03:10:15 PM      0.15      0.97     17.34      0.00     15.49      0.00      0.00      0.00      0.00      0.00
03:20:15 PM      1.33      0.96     31.58      0.00     24.44      0.00      0.00      0.00      0.00      0.00
03:30:15 PM      0.00      0.71     13.65      0.00     15.87      0.00      0.00      0.00      0.00      0.00
03:40:15 PM      0.00      1.13     10.00      0.00     12.70      0.00      0.00      0.00      0.00      0.00
03:50:17 PM      0.00      1.07      3.14      0.00      6.97      0.00      0.00      0.00      0.00      0.00
04:00:15 PM      0.02      0.61     19.24      0.00     16.77      0.00      0.00      0.00      0.00      0.00
04:10:06 PM      0.00      0.96      7.16      0.00      9.42      0.00      0.00      0.00      0.00      0.00
Average:        15.50     25.00     60.54      0.01     54.32      0.00      0.00      0.00      0.00      0.00

12:50:15 PM       tps      rtps      wtps      dtps   bread/s   bwrtn/s   bdscd/s
01:00:15 PM      0.62      0.10      0.52      0.00      4.67      5.43      0.00
01:10:15 PM      0.52      0.19      0.33      0.00      1.52      3.32      0.00
01:20:15 PM      4.04      2.12      1.92      0.00    576.85    616.03      0.00
01:30:15 PM      1.70      1.32      0.38      0.00     28.53      4.62      0.00
01:40:04 PM      0.30      0.01      0.28      0.00      0.24      3.07      0.00
01:50:04 PM      0.60      0.01      0.59      0.00      2.21    341.10      0.00
02:00:15 PM      0.33      0.01      0.32      0.00      1.68      3.18      0.00
02:10:15 PM      0.11      0.00      0.11      0.00      0.33      1.03      0.00
02:20:16 PM      0.25      0.00      0.25      0.00      0.00      2.43      0.00
02:30:15 PM      0.21      0.00      0.21      0.00      0.00      2.02      0.00
02:40:15 PM      0.19      0.00      0.19      0.00      0.00      1.76      0.00
02:50:15 PM      0.13      0.00      0.13      0.00      0.01      1.44      0.00
03:00:15 PM      0.10      0.00      0.10      0.00      0.00      0.93      0.00
03:10:15 PM      0.20      0.00      0.19      0.00      0.31      1.95      0.00
03:20:15 PM      0.21      0.01      0.20      0.00      2.65      1.92      0.00
03:30:15 PM      0.15      0.00      0.15      0.00      0.00      1.41      0.00
03:40:15 PM      0.23      0.00      0.23      0.00      0.00      2.25      0.00
03:50:17 PM      0.23      0.00      0.23      0.00      0.00      2.14      0.00
04:00:15 PM      0.13      0.01      0.13      0.00      0.04      1.22      0.00
04:10:06 PM      0.20      0.00      0.20      0.00      0.00      1.92      0.00
Average:         0.52      0.19      0.33      0.00     30.99     50.00      0.00

12:50:15 PM kbmemfree   kbavail kbmemused  %memused kbbuffers  kbcached  kbcommit   %commit  kbactive   kbinact   kbdirty  kbanonpg    kbslab  kbkstack   kbpgtbl  kbvmused
01:00:15 PM   1225016   1342852    145892      8.67     23144    225644    262848      6.95    250436     48416       168     67560     62776      2200      2292     21548
01:10:15 PM   1224776   1343272    145372      8.64     23680    225656    262848      6.95    250520     48964        84     67560     62988      2216      2292     21564
01:20:15 PM    909204   1304852    178892     10.63     28140    495496    373784      9.89    317068    283720        84     94644     70740      2648      3836     22268
01:30:15 PM    897924   1302828    180192     10.71     29232    503152    373888      9.89    317068    292432       168     94640     71972      2616      3752     22236
01:40:04 PM    909676   1314824    168168     10.00     29324    503236    379604     10.04    321812    292644       212     99396     72068      2672      3904     22300
01:50:04 PM    893356   1299504    183444     10.90     29676    503892    373888      9.89    317848    293012       180     94712     72104      2616      3836     22236
02:00:15 PM    894124   1300936    181988     10.82     29788    504400    374036      9.90    318384    293160       168     94844     72172      2616      3752     22236
02:10:15 PM    894352   1301284    181636     10.80     29820    504492    374036      9.90    318468    293192        84     94760     72172      2600      3836     22204
02:20:16 PM    894112   1301128    181824     10.81     29876    504512    374036      9.90    318472    293272       164     94824     72148      2640      3828     22252
02:30:15 PM    903256   1310320    172636     10.26     29916    504508    374172      9.90    318408    293312        84     94784     72156      2616      3668     22236
02:40:15 PM    906112   1313216    169716     10.09     29964    504508    374172      9.90    318408    293352        84     94784     72172      2568      3752     22188
02:50:15 PM    894204   1301444    181436     10.78     30008    504532    374172      9.90    318492    293428       168     94868     72292      2592      3752     22204
03:00:15 PM    894216   1301484    181348     10.78     30032    504532    374172      9.90    318408    293452       168     94868     72344      2624      3836     22236
03:10:15 PM    894636   1302064    180752     10.74     30080    504632    374172      9.90    318568    293524        84     94868     72372      2584      3752     22204
03:20:15 PM    894640   1302936    179860     10.69     30144    505424    374172      9.90    319344    293612       168     94876     72404      2656      3836     22268
03:30:15 PM    895236   1303580    179212     10.65     30184    505428    374172      9.90    319260    293656       168     94876     72412      2568      3668     22188
03:40:15 PM    903300   1311704    171028     10.17     30248    505424    374172      9.90    319312    293716       168     94796     72472      2600      3752     22220
03:50:17 PM    903300   1311784    170936     10.16     30304    505432    374172      9.90    319328    293780       164     94868     72500      2576      3840     22204
04:00:15 PM    902836   1311368    171348     10.18     30348    505432    374172      9.90    319264    293824        84     94796     72508      2568      3752     22188
04:10:06 PM    902404   1310988    171732     10.21     30396    505444    374172      9.90    319308    293876       180     94864     72496      2600      3936     22268
Average:       931834   1309618    173871     10.33     29215    476289    363243      9.61    311909    268417       142     92309     71263      2569      3644     22162

12:50:15 PM kbswpfree kbswpused  %swpused  kbswpcad   %swpcad
01:00:15 PM   2097148         0      0.00         0      0.00
01:10:15 PM   2097148         0      0.00         0      0.00
01:20:15 PM   2097148         0      0.00         0      0.00
01:30:15 PM   2097148         0      0.00         0      0.00
01:40:04 PM   2097148         0      0.00         0      0.00
01:50:04 PM   2097148         0      0.00         0      0.00
02:00:15 PM   2097148         0      0.00         0      0.00
02:10:15 PM   2097148         0      0.00         0      0.00
02:20:16 PM   2097148         0      0.00         0      0.00
02:30:15 PM   2097148         0      0.00         0      0.00
02:40:15 PM   2097148         0      0.00         0      0.00
02:50:15 PM   2097148         0      0.00         0      0.00
03:00:15 PM   2097148         0      0.00         0      0.00
03:10:15 PM   2097148         0      0.00         0      0.00
03:20:15 PM   2097148         0      0.00         0      0.00
03:30:15 PM   2097148         0      0.00         0      0.00
03:40:15 PM   2097148         0      0.00         0      0.00
03:50:17 PM   2097148         0      0.00         0      0.00
04:00:15 PM   2097148         0      0.00         0      0.00
04:10:06 PM   2097148         0      0.00         0      0.00
Average:      2097148         0      0.00         0      0.00

12:50:15 PM kbhugfree kbhugused  %hugused kbhugrsvd kbhugsurp
01:00:15 PM         0         0      0.00         0         0
01:10:15 PM         0         0      0.00         0         0
01:20:15 PM         0         0      0.00         0         0
01:30:15 PM         0         0      0.00         0         0
01:40:04 PM         0         0      0.00         0         0
01:50:04 PM         0         0      0.00         0         0
02:00:15 PM         0         0      0.00         0         0
02:10:15 PM         0         0      0.00         0         0
02:20:16 PM         0         0      0.00         0         0
02:30:15 PM         0         0      0.00         0         0
02:40:15 PM         0         0      0.00         0         0
02:50:15 PM         0         0      0.00         0         0
03:00:15 PM         0         0      0.00         0         0
03:10:15 PM         0         0      0.00         0         0
03:20:15 PM         0         0      0.00         0         0
03:30:15 PM         0         0      0.00         0         0
03:40:15 PM         0         0      0.00         0         0
03:50:17 PM         0         0      0.00         0         0
04:00:15 PM         0         0      0.00         0         0
04:10:06 PM         0         0      0.00         0         0
Average:            0         0      0.00         0         0

12:50:15 PM dentunusd   file-nr  inode-nr    pty-nr
01:00:15 PM     11015       788     13324         0
01:10:15 PM     11175       788     13479         0
01:20:15 PM     14216      1270     15685         3
01:30:15 PM     14941      1270     16409         3
01:40:04 PM     14957      1285     16414         3
01:50:04 PM     14977      1275     16410         3
02:00:15 PM     15062      1270     16470         3
02:10:15 PM     15081      1270     16471         3
02:20:16 PM     15081      1270     16471         3
02:30:15 PM     15082      1270     16472         3
02:40:15 PM     15081      1270     16470         3
02:50:15 PM     15267      1270     16654         3
03:00:15 PM     15267      1270     16654         3
03:10:15 PM     15282      1270     16665         3
03:20:15 PM     15301      1270     16669         3
03:30:15 PM     15301      1270     16669         3
03:40:15 PM     15301      1270     16669         3
03:50:17 PM     15301      1270     16669         3
04:00:15 PM     15311      1270     16678         3
04:10:06 PM     15315      1270     16680         3
Average:        14716      1223     16204         3

12:50:15 PM   runq-sz  plist-sz   ldavg-1   ldavg-5  ldavg-15   blocked
01:00:15 PM         0       136      0.01      0.08      0.08         0
01:10:15 PM         0       137      0.00      0.02      0.04         0
01:20:15 PM         1       164      0.00      0.06      0.07         0
01:30:15 PM         0       162      0.20      0.13      0.08         0
01:40:04 PM         1       166      0.16      0.05      0.04         0
01:50:04 PM         0       162      0.03      0.07      0.05         0
02:00:15 PM         0       162      0.09      0.08      0.04         0
02:10:15 PM         1       161      0.00      0.01      0.00         0
02:20:16 PM         0       164      0.00      0.00      0.00         0
02:30:15 PM         0       162      0.00      0.03      0.00         0
02:40:15 PM         0       159      0.00      0.02      0.00         0
02:50:15 PM         0       159      0.01      0.02      0.00         0
03:00:15 PM         0       162      0.00      0.00      0.00         0
03:10:15 PM         0       160      0.01      0.00      0.00         0
03:20:15 PM         0       163      0.00      0.01      0.00         0
03:30:15 PM         0       159      0.01      0.03      0.01         0
03:40:15 PM         0       161      0.02      0.02      0.00         0
03:50:17 PM         3       160      0.04      0.06      0.02         0
04:00:15 PM         0       159      0.00      0.03      0.02         0
04:10:06 PM         2       161      0.00      0.04      0.03         0
Average:            0       159      0.03      0.04      0.02         0

12:50:15 PM       tps     rkB/s     wkB/s     dkB/s   areq-sz    aqu-sz     await     %util DEV
01:00:15 PM      0.00      0.00      0.00      0.00      0.00      0.00      0.00      0.00 loop0
01:00:15 PM      0.62      2.33      2.71      0.00      8.16      0.00      3.02      0.08 sda
01:00:15 PM      0.70      2.33      2.71      0.00      7.18      0.00      3.50      0.08 ubuntu--vg-ubuntu--lv
01:10:15 PM      0.00      0.00      0.00      0.00      0.00      0.00      0.00      0.00 loop0
01:10:15 PM      0.52      0.76      1.66      0.00      4.67      0.00      2.02      0.05 sda
01:10:15 PM      0.57      0.76      1.66      0.00      4.26      0.00      2.22      0.05 ubuntu--vg-ubuntu--lv
01:20:15 PM      0.00      0.00      0.00      0.00      0.00      0.00      0.00      0.00 loop0
01:20:15 PM      4.04    288.43    308.02      0.00    147.77      0.02      4.63      0.85 sda
01:20:15 PM      5.78    288.07    308.02      0.00    103.21      0.03      4.60      0.84 ubuntu--vg-ubuntu--lv
01:30:15 PM      0.00      0.00      0.00      0.00      0.00      0.00      0.00      0.00 loop0
01:30:15 PM      1.70     14.27      2.31      0.00      9.76      0.00      1.86      0.25 sda
01:30:15 PM      2.15     14.27      2.31      0.00      7.71      0.00      2.10      0.25 ubuntu--vg-ubuntu--lv
01:40:04 PM      0.00      0.00      0.00      0.00      0.00      0.00      0.00      0.00 loop0
01:40:04 PM      0.30      0.12      1.53      0.00      5.61      0.00     12.91      0.20 sda
01:40:04 PM      0.37      0.12      1.53      0.00      4.52      0.01     14.11      0.20 ubuntu--vg-ubuntu--lv
01:50:04 PM      0.00      0.00      0.00      0.00      0.00      0.00      0.00      0.00 loop0
01:50:04 PM      0.60      1.11    170.55      0.00    287.50      0.01      7.17      0.20 sda
01:50:04 PM      0.85      1.11    170.55      0.00    202.61      0.00      5.46      0.21 ubuntu--vg-ubuntu--lv
02:00:15 PM      0.00      0.00      0.00      0.00      0.00      0.00      0.00      0.00 loop0
02:00:15 PM      0.33      0.84      1.59      0.00      7.42      0.00      5.17      0.08 sda
02:00:15 PM      0.38      0.84      1.59      0.00      6.31      0.00      6.69      0.08 ubuntu--vg-ubuntu--lv
02:10:15 PM      0.00      0.00      0.00      0.00      0.00      0.00      0.00      0.00 loop0
02:10:15 PM      0.11      0.17      0.51      0.00      6.09      0.00      6.58      0.05 sda
02:10:15 PM      0.13      0.17      0.51      0.00      5.37      0.00      6.42      0.05 ubuntu--vg-ubuntu--lv
02:20:16 PM      0.00      0.00      0.00      0.00      0.00      0.00      0.00      0.00 loop0
02:20:16 PM      0.25      0.00      1.22      0.00      4.95      0.00      5.66      0.11 sda
02:20:16 PM      0.29      0.00      1.22      0.00      4.21      0.00      8.11      0.11 ubuntu--vg-ubuntu--lv
02:30:15 PM      0.00      0.00      0.00      0.00      0.00      0.00      0.00      0.00 loop0
02:30:15 PM      0.21      0.00      1.01      0.00      4.76      0.00      1.94      0.01 sda
02:30:15 PM      0.24      0.00      1.01      0.00      4.25      0.00      2.23      0.01 ubuntu--vg-ubuntu--lv
02:40:15 PM      0.00      0.00      0.00      0.00      0.00      0.00      0.00      0.00 loop0
02:40:15 PM      0.19      0.00      0.88      0.00      4.71      0.00      7.00      0.09 sda
02:40:15 PM      0.21      0.00      0.88      0.00      4.12      0.00      9.55      0.09 ubuntu--vg-ubuntu--lv
02:50:15 PM      0.00      0.00      0.00      0.00      0.00      0.00      0.00      0.00 loop0
02:50:15 PM      0.13      0.01      0.72      0.00      5.59      0.00      4.08      0.08 sda
02:50:15 PM      0.17      0.01      0.72      0.00      4.32      0.00      7.27      0.08 ubuntu--vg-ubuntu--lv
03:00:15 PM      0.00      0.00      0.00      0.00      0.00      0.00      0.00      0.00 loop0
03:00:15 PM      0.10      0.00      0.47      0.00      4.67      0.00      3.18      0.02 sda
03:00:15 PM      0.11      0.00      0.47      0.00      4.12      0.00      3.34      0.02 ubuntu--vg-ubuntu--lv
03:10:15 PM      0.00      0.00      0.00      0.00      0.00      0.00      0.00      0.00 loop0
03:10:15 PM      0.20      0.15      0.97      0.00      5.73      0.00      2.63      0.02 sda
03:10:15 PM      0.23      0.15      0.97      0.00      5.01      0.00      2.91      0.02 ubuntu--vg-ubuntu--lv
03:20:15 PM      0.00      0.00      0.00      0.00      0.00      0.00      0.00      0.00 loop0
03:20:15 PM      0.21      1.33      0.96      0.00     10.98      0.00      8.60      0.13 sda
03:20:15 PM      0.24      1.33      0.96      0.00      9.66      0.00      8.31      0.13 ubuntu--vg-ubuntu--lv
03:30:15 PM      0.00      0.00      0.00      0.00      0.00      0.00      0.00      0.00 loop0
03:30:15 PM      0.15      0.00      0.71      0.00      4.76      0.00      3.26      0.02 sda
03:30:15 PM      0.17      0.00      0.71      0.00      4.12      0.00      3.67      0.03 ubuntu--vg-ubuntu--lv
03:40:15 PM      0.00      0.00      0.00      0.00      0.00      0.00      0.00      0.00 loop0
03:40:15 PM      0.23      0.00      1.13      0.00      4.90      0.00      4.62      0.04 sda
03:40:15 PM      0.27      0.00      1.13      0.00      4.20      0.00      4.50      0.04 ubuntu--vg-ubuntu--lv
03:50:17 PM      0.00      0.00      0.00      0.00      0.00      0.00      0.00      0.00 loop0
03:50:17 PM      0.23      0.00      1.07      0.00      4.70      0.01     37.16      0.21 sda
03:50:17 PM      0.26      0.00      1.07      0.00      4.13      0.01     35.40      0.24 ubuntu--vg-ubuntu--lv
04:00:15 PM      0.00      0.00      0.00      0.00      0.00      0.00      0.00      0.00 loop0
04:00:15 PM      0.13      0.02      0.61      0.00      4.76      0.00     10.77      0.12 sda
04:00:15 PM      0.15      0.02      0.61      0.00      4.13      0.00     14.04      0.12 ubuntu--vg-ubuntu--lv
04:10:06 PM      0.00      0.00      0.00      0.00      0.00      0.00      0.00      0.00 loop0
04:10:06 PM      0.20      0.00      0.96      0.00      4.90      0.00      7.33      0.12 sda
04:10:06 PM      0.23      0.00      0.96      0.00      4.12      0.00      6.99      0.12 ubuntu--vg-ubuntu--lv
Average:         0.00      0.00      0.00      0.00      0.00      0.00      0.00      0.00 loop0
Average:         0.52     15.50     25.00      0.00     77.71      0.00      5.22      0.14 sda
Average:         0.67     15.48     25.00      0.00     59.97      0.00      5.33      0.14 ubuntu--vg-ubuntu--lv

12:50:15 PM   rxpck/s   txpck/s    rxkB/s    txkB/s   rxcmp/s   txcmp/s  rxmcst/s   %ifutil IFACE
01:00:15 PM      0.08      0.08      0.01      0.01      0.00      0.00      0.00      0.00 lo
01:00:15 PM      2.00      0.11      0.15      0.02      0.00      0.00      0.54      0.00 enp0s3
01:10:15 PM      0.03      0.03      0.00      0.00      0.00      0.00      0.00      0.00 lo
01:10:15 PM      2.11      0.05      0.16      0.01      0.00      0.00      0.53      0.00 enp0s3
01:20:15 PM      0.07      0.07      0.01      0.01      0.00      0.00      0.00      0.00 lo
01:20:15 PM      2.67      0.56      0.35      0.08      0.00      0.00      0.53      0.00 enp0s3
01:30:15 PM      0.00      0.00      0.00      0.00      0.00      0.00      0.00      0.00 lo
01:30:15 PM      2.04      0.32      0.15      0.22      0.00      0.00      0.54      0.00 enp0s3
01:40:04 PM      0.03      0.03      0.00      0.00      0.00      0.00      0.00      0.00 lo
01:40:04 PM      3.04      0.75      0.24      0.11      0.00      0.00      0.53      0.00 enp0s3
01:50:04 PM      0.07      0.07      0.01      0.01      0.00      0.00      0.00      0.00 lo
01:50:04 PM      4.12      1.86      0.76      0.28      0.00      0.00      0.54      0.00 enp0s3
02:00:15 PM      0.02      0.02      0.00      0.00      0.00      0.00      0.00      0.00 lo
02:00:15 PM      3.34      0.83      0.26      0.13      0.00      0.00      0.53      0.00 enp0s3
02:10:15 PM      0.00      0.00      0.00      0.00      0.00      0.00      0.00      0.00 lo
02:10:15 PM      2.25      0.24      0.17      0.03      0.00      0.00      0.53      0.00 enp0s3
02:20:16 PM      0.03      0.03      0.00      0.00      0.00      0.00      0.00      0.00 lo
02:20:16 PM      2.12      0.14      0.16      0.02      0.00      0.00      0.54      0.00 enp0s3
02:30:15 PM      0.05      0.05      0.00      0.00      0.00      0.00      0.00      0.00 lo
02:30:15 PM      2.02      0.13      0.15      0.02      0.00      0.00      0.53      0.00 enp0s3
02:40:15 PM      0.00      0.00      0.00      0.00      0.00      0.00      0.00      0.00 lo
02:40:15 PM      1.98      0.14      0.15      0.02      0.00      0.00      0.54      0.00 enp0s3
02:50:15 PM      0.00      0.00      0.00      0.00      0.00      0.00      0.00      0.00 lo
02:50:15 PM      1.96      0.21      0.15      0.03      0.00      0.00      0.53      0.00 enp0s3
03:00:15 PM      0.00      0.00      0.00      0.00      0.00      0.00      0.00      0.00 lo
03:00:15 PM      2.01      0.05      0.15      0.00      0.00      0.00      0.53      0.00 enp0s3
03:10:15 PM      0.00      0.00      0.00      0.00      0.00      0.00      0.00      0.00 lo
03:10:15 PM      2.07      0.17      0.15      0.02      0.00      0.00      0.53      0.00 enp0s3
03:20:15 PM      0.00      0.00      0.00      0.00      0.00      0.00      0.00      0.00 lo
03:20:15 PM      2.31      0.25      0.18      0.04      0.00      0.00      0.54      0.00 enp0s3
03:30:15 PM      0.03      0.03      0.00      0.00      0.00      0.00      0.00      0.00 lo
03:30:15 PM      2.06      0.12      0.15      0.01      0.00      0.00      0.53      0.00 enp0s3
03:40:15 PM      0.01      0.01      0.00      0.00      0.00      0.00      0.00      0.00 lo
03:40:15 PM      1.80      0.06      0.13      0.00      0.00      0.00      0.54      0.00 enp0s3
03:50:17 PM      0.00      0.00      0.00      0.00      0.00      0.00      0.00      0.00 lo
03:50:17 PM      1.88      0.05      0.14      0.00      0.00      0.00      0.53      0.00 enp0s3
04:00:15 PM      0.00      0.00      0.00      0.00      0.00      0.00      0.00      0.00 lo
04:00:15 PM      2.31      0.19      0.17      0.03      0.00      0.00      0.54      0.00 enp0s3
04:10:06 PM      0.03      0.03      0.00      0.00      0.00      0.00      0.00      0.00 lo
04:10:06 PM      3.34      0.10      0.25      0.01      0.00      0.00      0.53      0.00 enp0s3
Average:         0.02      0.02      0.00      0.00      0.00      0.00      0.00      0.00 lo
Average:         2.37      0.32      0.21      0.05      0.00      0.00      0.53      0.00 enp0s3

12:50:15 PM   rxerr/s   txerr/s    coll/s  rxdrop/s  txdrop/s  txcarr/s  rxfram/s  rxfifo/s  txfifo/s IFACE
01:00:15 PM      0.00      0.00      0.00      0.00      0.00      0.00      0.00      0.00      0.00 lo
01:00:15 PM      0.00      0.00      0.00      0.70      0.00      0.00      0.00      0.00      0.00 enp0s3
01:10:15 PM      0.00      0.00      0.00      0.00      0.00      0.00      0.00      0.00      0.00 lo
01:10:15 PM      0.00      0.00      0.00      0.70      0.00      0.00      0.00      0.00      0.00 enp0s3
01:20:15 PM      0.00      0.00      0.00      0.00      0.00      0.00      0.00      0.00      0.00 lo
01:20:15 PM      0.00      0.00      0.00      0.70      0.00      0.00      0.00      0.00      0.00 enp0s3
01:30:15 PM      0.00      0.00      0.00      0.00      0.00      0.00      0.00      0.00      0.00 lo
01:30:15 PM      0.00      0.00      0.00      0.70      0.00      0.00      0.00      0.00      0.00 enp0s3
01:40:04 PM      0.00      0.00      0.00      0.00      0.00      0.00      0.00      0.00      0.00 lo
01:40:04 PM      0.00      0.00      0.00      0.70      0.00      0.00      0.00      0.00      0.00 enp0s3
01:50:04 PM      0.00      0.00      0.00      0.00      0.00      0.00      0.00      0.00      0.00 lo
01:50:04 PM      0.00      0.00      0.00      0.70      0.00      0.00      0.00      0.00      0.00 enp0s3
02:00:15 PM      0.00      0.00      0.00      0.00      0.00      0.00      0.00      0.00      0.00 lo
02:00:15 PM      0.00      0.00      0.00      0.70      0.00      0.00      0.00      0.00      0.00 enp0s3
02:10:15 PM      0.00      0.00      0.00      0.00      0.00      0.00      0.00      0.00      0.00 lo
02:10:15 PM      0.00      0.00      0.00      0.70      0.00      0.00      0.00      0.00      0.00 enp0s3
02:20:16 PM      0.00      0.00      0.00      0.00      0.00      0.00      0.00      0.00      0.00 lo
02:20:16 PM      0.00      0.00      0.00      0.70      0.00      0.00      0.00      0.00      0.00 enp0s3
02:30:15 PM      0.00      0.00      0.00      0.00      0.00      0.00      0.00      0.00      0.00 lo
02:30:15 PM      0.00      0.00      0.00      0.70      0.00      0.00      0.00      0.00      0.00 enp0s3
02:40:15 PM      0.00      0.00      0.00      0.00      0.00      0.00      0.00      0.00      0.00 lo
02:40:15 PM      0.00      0.00      0.00      0.70      0.00      0.00      0.00      0.00      0.00 enp0s3
02:50:15 PM      0.00      0.00      0.00      0.00      0.00      0.00      0.00      0.00      0.00 lo
02:50:15 PM      0.00      0.00      0.00      0.70      0.00      0.00      0.00      0.00      0.00 enp0s3
03:00:15 PM      0.00      0.00      0.00      0.00      0.00      0.00      0.00      0.00      0.00 lo
03:00:15 PM      0.00      0.00      0.00      0.70      0.00      0.00      0.00      0.00      0.00 enp0s3
03:10:15 PM      0.00      0.00      0.00      0.00      0.00      0.00      0.00      0.00      0.00 lo
03:10:15 PM      0.00      0.00      0.00      0.70      0.00      0.00      0.00      0.00      0.00 enp0s3
03:20:15 PM      0.00      0.00      0.00      0.00      0.00      0.00      0.00      0.00      0.00 lo
03:20:15 PM      0.00      0.00      0.00      0.70      0.00      0.00      0.00      0.00      0.00 enp0s3
03:30:15 PM      0.00      0.00      0.00      0.00      0.00      0.00      0.00      0.00      0.00 lo
03:30:15 PM      0.00      0.00      0.00      0.70      0.00      0.00      0.00      0.00      0.00 enp0s3
03:40:15 PM      0.00      0.00      0.00      0.00      0.00      0.00      0.00      0.00      0.00 lo
03:40:15 PM      0.00      0.00      0.00      0.70      0.00      0.00      0.00      0.00      0.00 enp0s3
03:50:17 PM      0.00      0.00      0.00      0.00      0.00      0.00      0.00      0.00      0.00 lo
03:50:17 PM      0.00      0.00      0.00      0.70      0.00      0.00      0.00      0.00      0.00 enp0s3
04:00:15 PM      0.00      0.00      0.00      0.00      0.00      0.00      0.00      0.00      0.00 lo
04:00:15 PM      0.00      0.00      0.00      0.70      0.00      0.00      0.00      0.00      0.00 enp0s3
04:10:06 PM      0.00      0.00      0.00      0.00      0.00      0.00      0.00      0.00      0.00 lo
04:10:06 PM      0.00      0.00      0.00      0.70      0.00      0.00      0.00      0.00      0.00 enp0s3
Average:         0.00      0.00      0.00      0.00      0.00      0.00      0.00      0.00      0.00 lo
Average:         0.00      0.00      0.00      0.70      0.00      0.00      0.00      0.00      0.00 enp0s3

12:50:15 PM    call/s retrans/s    read/s   write/s  access/s  getatt/s
01:00:15 PM      0.00      0.00      0.00      0.00      0.00      0.00
01:10:15 PM      0.00      0.00      0.00      0.00      0.00      0.00
01:20:15 PM      0.00      0.00      0.00      0.00      0.00      0.00
01:30:15 PM      0.00      0.00      0.00      0.00      0.00      0.00
01:40:04 PM      0.00      0.00      0.00      0.00      0.00      0.00
01:50:04 PM      0.00      0.00      0.00      0.00      0.00      0.00
02:00:15 PM      0.00      0.00      0.00      0.00      0.00      0.00
02:10:15 PM      0.00      0.00      0.00      0.00      0.00      0.00
02:20:16 PM      0.00      0.00      0.00      0.00      0.00      0.00
02:30:15 PM      0.00      0.00      0.00      0.00      0.00      0.00
02:40:15 PM      0.00      0.00      0.00      0.00      0.00      0.00
02:50:15 PM      0.00      0.00      0.00      0.00      0.00      0.00
03:00:15 PM      0.00      0.00      0.00      0.00      0.00      0.00
03:10:15 PM      0.00      0.00      0.00      0.00      0.00      0.00
03:20:15 PM      0.00      0.00      0.00      0.00      0.00      0.00
03:30:15 PM      0.00      0.00      0.00      0.00      0.00      0.00
03:40:15 PM      0.00      0.00      0.00      0.00      0.00      0.00
03:50:17 PM      0.00      0.00      0.00      0.00      0.00      0.00
04:00:15 PM      0.00      0.00      0.00      0.00      0.00      0.00
04:10:06 PM      0.00      0.00      0.00      0.00      0.00      0.00
Average:         0.00      0.00      0.00      0.00      0.00      0.00

12:50:15 PM   scall/s badcall/s  packet/s     udp/s     tcp/s     hit/s    miss/s   sread/s  swrite/s saccess/s sgetatt/s
01:00:15 PM      0.00      0.00      0.00      0.00      0.00      0.00      0.00      0.00      0.00      0.00      0.00
01:10:15 PM      0.00      0.00      0.00      0.00      0.00      0.00      0.00      0.00      0.00      0.00      0.00
01:20:15 PM      0.00      0.00      0.00      0.00      0.00      0.00      0.00      0.00      0.00      0.00      0.00
01:30:15 PM      0.00      0.00      0.00      0.00      0.00      0.00      0.00      0.00      0.00      0.00      0.00
01:40:04 PM      0.00      0.00      0.00      0.00      0.00      0.00      0.00      0.00      0.00      0.00      0.00
01:50:04 PM      0.00      0.00      0.00      0.00      0.00      0.00      0.00      0.00      0.00      0.00      0.00
02:00:15 PM      0.00      0.00      0.00      0.00      0.00      0.00      0.00      0.00      0.00      0.00      0.00
02:10:15 PM      0.00      0.00      0.00      0.00      0.00      0.00      0.00      0.00      0.00      0.00      0.00
02:20:16 PM      0.00      0.00      0.00      0.00      0.00      0.00      0.00      0.00      0.00      0.00      0.00
02:30:15 PM      0.00      0.00      0.00      0.00      0.00      0.00      0.00      0.00      0.00      0.00      0.00
02:40:15 PM      0.00      0.00      0.00      0.00      0.00      0.00      0.00      0.00      0.00      0.00      0.00
02:50:15 PM      0.00      0.00      0.00      0.00      0.00      0.00      0.00      0.00      0.00      0.00      0.00
03:00:15 PM      0.00      0.00      0.00      0.00      0.00      0.00      0.00      0.00      0.00      0.00      0.00
03:10:15 PM      0.00      0.00      0.00      0.00      0.00      0.00      0.00      0.00      0.00      0.00      0.00
03:20:15 PM      0.00      0.00      0.00      0.00      0.00      0.00      0.00      0.00      0.00      0.00      0.00
03:30:15 PM      0.00      0.00      0.00      0.00      0.00      0.00      0.00      0.00      0.00      0.00      0.00
03:40:15 PM      0.00      0.00      0.00      0.00      0.00      0.00      0.00      0.00      0.00      0.00      0.00
03:50:17 PM      0.00      0.00      0.00      0.00      0.00      0.00      0.00      0.00      0.00      0.00      0.00
04:00:15 PM      0.00      0.00      0.00      0.00      0.00      0.00      0.00      0.00      0.00      0.00      0.00
04:10:06 PM      0.00      0.00      0.00      0.00      0.00      0.00      0.00      0.00      0.00      0.00      0.00
Average:         0.00      0.00      0.00      0.00      0.00      0.00      0.00      0.00      0.00      0.00      0.00

12:50:15 PM    totsck    tcpsck    udpsck    rawsck   ip-frag    tcp-tw
01:00:15 PM       155         4         5         0         0         0
01:10:15 PM       155         4         5         0         0         0
01:20:15 PM       222         5         5         0         0         0
01:30:15 PM       222         5         5         0         0         0
01:40:04 PM       222         5         5         0         0         0
01:50:04 PM       225         5         8         0         0         0
02:00:15 PM       222         5         5         0         0         0
02:10:15 PM       222         5         5         0         0         0
02:20:16 PM       222         5         5         0         0         0
02:30:15 PM       222         5         5         0         0         0
02:40:15 PM       222         5         5         0         0         0
02:50:15 PM       222         5         5         0         0         0
03:00:15 PM       222         5         5         0         0         0
03:10:15 PM       222         5         5         0         0         0
03:20:15 PM       222         5         5         0         0         0
03:30:15 PM       222         5         5         0         0         0
03:40:15 PM       222         5         5         0         0         0
03:50:17 PM       222         5         5         0         0         0
04:00:15 PM       222         5         5         0         0         0
04:10:06 PM       222         5         5         0         0         0
Average:          215         5         5         0         0         0

12:50:15 PM     CPU   total/s   dropd/s squeezd/s  rx_rps/s flw_lim/s   blg_len
01:00:15 PM     all      2.08      0.00      0.04      0.00      0.00         0
01:00:15 PM       0      0.00      0.00      0.00      0.00      0.00         0
01:00:15 PM       1      2.08      0.00      0.04      0.00      0.00         0
01:10:15 PM     all      2.13      0.00      0.05      0.00      0.00         0
01:10:15 PM       0      0.01      0.00      0.00      0.00      0.00         0
01:10:15 PM       1      2.12      0.00      0.05      0.00      0.00         0
01:20:15 PM     all      2.73      0.00      0.15      0.00      0.00         0
01:20:15 PM       0      0.04      0.00      0.00      0.00      0.00         0
01:20:15 PM       1      2.69      0.00      0.15      0.00      0.00         0
01:30:15 PM     all      2.04      0.00      0.08      0.00      0.00         0
01:30:15 PM       0      0.00      0.00      0.00      0.00      0.00         0
01:30:15 PM       1      2.04      0.00      0.08      0.00      0.00         0
01:40:04 PM     all      3.07      0.00      0.18      0.00      0.00         0
01:40:04 PM       0      0.02      0.00      0.00      0.00      0.00         0
01:40:04 PM       1      3.05      0.00      0.18      0.00      0.00         0
01:50:04 PM     all      4.19      0.00      0.29      0.00      0.00         0
01:50:04 PM       0      0.04      0.00      0.00      0.00      0.00         0
01:50:04 PM       1      4.15      0.00      0.29      0.00      0.00         0
02:00:15 PM     all      3.36      0.00      0.23      0.00      0.00         0
02:00:15 PM       0      0.01      0.00      0.00      0.00      0.00         0
02:00:15 PM       1      3.35      0.00      0.23      0.00      0.00         0
02:10:15 PM     all      2.25      0.00      0.08      0.00      0.00         0
02:10:15 PM       0      0.00      0.00      0.00      0.00      0.00         0
02:10:15 PM       1      2.25      0.00      0.08      0.00      0.00         0
02:20:16 PM     all      2.15      0.00      0.08      0.00      0.00         0
02:20:16 PM       0      0.00      0.00      0.00      0.00      0.00         0
02:20:16 PM       1      2.15      0.00      0.08      0.00      0.00         0
02:30:15 PM     all      2.07      0.00      0.20      0.00      0.00         0
02:30:15 PM       0      0.00      0.00      0.00      0.00      0.00         0
02:30:15 PM       1      2.07      0.00      0.20      0.00      0.00         0
02:40:15 PM     all      1.98      0.00      0.08      0.00      0.00         0
02:40:15 PM       0      0.00      0.00      0.00      0.00      0.00         0
02:40:15 PM       1      1.98      0.00      0.08      0.00      0.00         0

02:40:15 PM     CPU   total/s   dropd/s squeezd/s  rx_rps/s flw_lim/s   blg_len
02:50:15 PM     all      1.96      0.00      0.08      0.00      0.00         0
02:50:15 PM       0      0.00      0.00      0.00      0.00      0.00         0
02:50:15 PM       1      1.96      0.00      0.08      0.00      0.00         0
03:00:15 PM     all      2.01      0.00      0.07      0.00      0.00         0
03:00:15 PM       0      0.00      0.00      0.00      0.00      0.00         0
03:00:15 PM       1      2.01      0.00      0.07      0.00      0.00         0
03:10:15 PM     all      2.07      0.00      0.07      0.00      0.00         0
03:10:15 PM       0      0.00      0.00      0.00      0.00      0.00         0
03:10:15 PM       1      2.07      0.00      0.07      0.00      0.00         0
03:20:15 PM     all      2.31      0.00      0.12      0.00      0.00         0
03:20:15 PM       0      0.00      0.00      0.00      0.00      0.00         0
03:20:15 PM       1      2.31      0.00      0.12      0.00      0.00         0
03:30:15 PM     all      2.09      0.00      0.08      0.00      0.00         0
03:30:15 PM       0      0.02      0.00      0.00      0.00      0.00         0
03:30:15 PM       1      2.07      0.00      0.08      0.00      0.00         0
03:40:15 PM     all      1.82      0.00      0.13      0.00      0.00         0
03:40:15 PM       0      0.01      0.00      0.00      0.00      0.00         0
03:40:15 PM       1      1.81      0.00      0.13      0.00      0.00         0
03:50:17 PM     all      1.88      0.00      0.14      0.00      0.00         0
03:50:17 PM       0      0.00      0.00      0.00      0.00      0.00         0
03:50:17 PM       1      1.88      0.00      0.14      0.00      0.00         0
04:00:15 PM     all      2.31      0.00      0.08      0.00      0.00         0
04:00:15 PM       0      0.00      0.00      0.00      0.00      0.00         0
04:00:15 PM       1      2.31      0.00      0.08      0.00      0.00         0
04:10:06 PM     all      3.37      0.00      0.09      0.00      0.00         0
04:10:06 PM       0      0.02      0.00      0.00      0.00      0.00         0
04:10:06 PM       1      3.36      0.00      0.09      0.00      0.00         0
Average:        all      2.39      0.00      0.12      0.00      0.00         0
Average:          0      0.01      0.00      0.00      0.00      0.00         0
Average:          1      2.38      0.00      0.12      0.00      0.00         0

12:50:15 PM  %scpu-10  %scpu-60 %scpu-300     %scpu
01:00:15 PM     33.71     20.12     20.54     26.17
01:10:15 PM     53.09     30.34     26.27     31.25
01:20:15 PM     10.18     12.13     21.59     33.07
01:30:15 PM      9.10     13.18     16.06     20.65
01:40:04 PM     13.40     25.04     26.93     34.90
01:50:04 PM     13.22     34.82     34.17     39.62
02:00:15 PM     58.37     54.14     40.07     47.64
02:10:15 PM     14.46     15.99     19.29     19.53
02:20:16 PM     18.18     24.88     24.44     29.56
02:30:15 PM     79.96     46.51     33.99     48.80
02:40:15 PM      3.07     15.36     21.66     27.30
02:50:15 PM     32.73     18.83     18.55     21.74
03:00:15 PM      0.53     11.62     19.94     27.45
03:10:15 PM      0.34     10.19     16.92     18.85
03:20:15 PM     53.38     38.26     27.03     33.98
03:30:15 PM     47.97     26.69     32.61     43.03
03:40:15 PM     30.84     23.73     32.56     46.07
03:50:17 PM     19.77     15.08     25.10     34.51
04:00:15 PM     57.53     49.05     29.96     33.71
04:10:06 PM     41.68     25.46     22.82     26.64
Average:        29.58     25.57     25.52     32.24

12:50:15 PM   %sio-10   %sio-60  %sio-300      %sio   %fio-10   %fio-60  %fio-300      %fio
01:00:15 PM      0.00      0.77      0.68      0.48      0.00      0.00      0.00      0.03
01:10:15 PM      0.00      0.21      0.56      0.62      0.00      0.00      0.00      0.04
01:20:15 PM      0.00      0.32      0.81      0.96      0.00      0.01      0.13      1.03
01:30:15 PM      0.00      0.02      0.14      0.20      0.00      0.00      0.04      0.12
01:40:04 PM      3.59      0.66      0.19      0.22      0.54      0.10      0.03      0.07
01:50:04 PM      0.05      0.10      0.11      0.23      0.02      0.05      0.05      0.14
02:00:15 PM      0.18      0.06      0.08      0.22      0.18      0.06      0.06      0.13
02:10:15 PM      0.00      0.00      0.06      0.32      0.00      0.00      0.06      0.27
02:20:16 PM      1.31      0.36      0.13      0.23      0.72      0.23      0.08      0.14
02:30:15 PM      2.11      3.66      1.13      0.74      2.10      3.62      1.08      0.65
02:40:15 PM      0.00      0.00      0.40      0.87      0.00      0.00      0.36      0.78
02:50:15 PM      0.48      0.13      0.07      0.11      0.00      0.01      0.04      0.05
03:00:15 PM      0.00      0.00      0.00      0.06      0.00      0.00      0.00      0.01
03:10:15 PM      0.00      0.00      0.07      0.40      0.00      0.00      0.00      0.02
03:20:15 PM      0.00      0.04      0.09      0.21      0.00      0.01      0.04      0.09
03:30:15 PM      0.00      0.00      0.06      0.28      0.00      0.00      0.05      0.24
03:40:15 PM      0.00      0.00      0.04      0.16      0.00      0.00      0.02      0.11
03:50:17 PM      0.92      0.22      0.11      0.30      0.74      0.16      0.08      0.20
04:00:15 PM      0.00      0.00      0.07      0.31      0.00      0.00      0.24      0.79
04:10:06 PM      0.00      0.03      0.09      0.22      0.00      0.01      0.08      0.15
Average:         0.43      0.33      0.24      0.36      0.21      0.21      0.12      0.25

12:50:15 PM  %smem-10  %smem-60 %smem-300     %smem  %fmem-10  %fmem-60 %fmem-300     %fmem
01:00:15 PM      0.00      0.00      0.00      0.00      0.00      0.00      0.00      0.00
01:10:15 PM      0.00      0.00      0.00      0.00      0.00      0.00      0.00      0.00
01:20:15 PM      0.00      0.00      0.00      0.00      0.00      0.00      0.00      0.00
01:30:15 PM      0.00      0.00      0.00      0.00      0.00      0.00      0.00      0.00
01:40:04 PM      0.00      0.00      0.00      0.00      0.00      0.00      0.00      0.00
01:50:04 PM      0.00      0.00      0.00      0.00      0.00      0.00      0.00      0.00
02:00:15 PM      0.00      0.00      0.00      0.00      0.00      0.00      0.00      0.00
02:10:15 PM      0.00      0.00      0.00      0.00      0.00      0.00      0.00      0.00
02:20:16 PM      0.00      0.00      0.00      0.00      0.00      0.00      0.00      0.00
02:30:15 PM      0.00      0.00      0.00      0.00      0.00      0.00      0.00      0.00
02:40:15 PM      0.00      0.00      0.00      0.00      0.00      0.00      0.00      0.00
02:50:15 PM      0.00      0.00      0.00      0.00      0.00      0.00      0.00      0.00
03:00:15 PM      0.00      0.00      0.00      0.00      0.00      0.00      0.00      0.00
03:10:15 PM      0.00      0.00      0.00      0.00      0.00      0.00      0.00      0.00
03:20:15 PM      0.00      0.00      0.00      0.00      0.00      0.00      0.00      0.00
03:30:15 PM      0.00      0.00      0.00      0.00      0.00      0.00      0.00      0.00
03:40:15 PM      0.00      0.00      0.00      0.00      0.00      0.00      0.00      0.00
03:50:17 PM      0.00      0.00      0.00      0.00      0.00      0.00      0.00      0.00
04:00:15 PM      0.00      0.00      0.00      0.00      0.00      0.00      0.00      0.00
04:10:06 PM      0.00      0.00      0.00      0.00      0.00      0.00      0.00      0.00
Average:         0.00      0.00      0.00      0.00      0.00      0.00      0.00      0.00